------- AERODYN v15.00.* BLADE DEFINITION INPUT FILE -------------------------------------
Generated with AeroElasticSE FAST driver
======  Blade Properties =================================================================
59          NumBlNds    - Number of blade nodes used in the analysis (-)
    BlSpn        BlCrvAC        BlSwpAC        BlCrvAng       BlTwist        BlChord          BlAFID
     (m)           (m)            (m)            (deg)         (deg)           (m)              (-)
 0.000000000000000e+00  0.000000000000000e+00  0.000000000000000e+00 -1.702375781419965e+00  1.200000000000000e+01  5.800000000000002e+00        1
 1.378000000000000e+00 -4.093719822168743e-02 -1.874479688040130e-01 -1.702145883736226e+00  1.191527164239532e+01  5.841747269762156e+00        1
 2.756000000000000e+00 -8.187439644337487e-02 -3.748959376080260e-01 -1.701915986052486e+00  1.183054328479064e+01  5.883494539524309e+00        2
 4.823000000000000e+00 -1.432786953118121e-01 -6.558306568758293e-01 -1.691893284693625e+00  1.170354148026033e+01  5.950265910558454e+00        2
 6.890000000000001e+00 -2.046271112712467e-01 -9.279181020345042e-01 -1.320949902499831e+00  1.157992338123941e+01  6.171822529088153e+00        2
 9.473750000000001e+00 -2.813126312205400e-01 -1.268027408482848e+00 -8.572706747575887e-01  1.142540075746326e+01  6.448768302250278e+00        3
 1.205750000000000e+01 -2.828193430900246e-01 -1.228196750254836e+00 -3.862701883289696e-01  1.128090483668956e+01  6.672854817030827e+00        4
 1.464125000000000e+01 -2.822344364100168e-01 -1.176949091731044e+00  2.783360745355494e-02  1.113767337826258e+01  6.885360843600192e+00        4
 1.722500000000000e+01 -2.804840586304691e-01 -1.114114203280370e+00  5.767971505381519e-02  1.100123125467380e+01  7.028993013965570e+00        5
 1.980875000000000e+01 -2.777043709151011e-01 -1.049650262802042e+00  9.917827801901674e-02  1.083478692347651e+01  7.143511522758432e+00        5
 2.239250000000000e+01 -2.723241144387386e-01 -9.810704951411301e-01  1.701169642710898e-01  1.059254151317525e+01  7.184473878862148e+00        6
 2.497625000000000e+01 -2.633630521623856e-01 -9.160480959202312e-01  2.341907700396116e-01  1.011430715985306e+01  7.205614934780805e+00        6
 2.756000000000000e+01 -2.498035326054694e-01 -8.555940558107553e-01  2.894487222257169e-01  9.333016697436639e+00  7.201301551883915e+00        7
 3.014375000000000e+01 -2.356404857215239e-01 -8.028981681322661e-01  2.948253982470136e-01  8.446085603693087e+00  7.157935941629241e+00        7
 3.272750000000000e+01 -2.210615215032697e-01 -7.555487659130831e-01  2.658266839831685e-01  7.486352885551618e+00  7.087657716859804e+00        8
 3.531125000000000e+01 -2.108456869108788e-01 -7.238888263246950e-01  2.293659878972149e-01  6.803356031618323e+00  6.989845069636979e+00        8
 3.789500000000000e+01 -2.021135283269500e-01 -6.975640661343667e-01  1.903678555317121e-01  6.214462813747733e+00  6.882669381316592e+00        9
 4.047875000000001e+01 -1.939623251487500e-01 -6.921111463101505e-01  1.921280564731014e-01  5.740806796776832e+00  6.749192952431244e+00        9
 4.306250000000000e+01 -1.857830061744681e-01 -6.896297205927048e-01  1.991836908699197e-01  5.281708111762068e+00  6.611683396061132e+00       10
 4.564625000000000e+01 -1.760078503336587e-01 -6.986323019100915e-01  2.198975931651752e-01  4.854060001062784e+00  6.454712440453464e+00       11
 4.823000000000000e+01 -1.658649814014541e-01 -7.087080460248334e-01  2.393736738513859e-01  4.431133359403535e+00  6.294941490627647e+00       11
 5.081375000000001e+01 -1.543297709380713e-01 -7.228473091369640e-01  2.541627567809381e-01  4.026084507756254e+00  6.124568393833938e+00       12
 5.339750000000001e+01 -1.425396780827342e-01 -7.369273973623289e-01  2.632693904379397e-01  3.627474668016973e+00  5.951252341068262e+00       12
 5.598125000000000e+01 -1.303026273180133e-01 -7.509037174008288e-01  2.624113669541867e-01  3.240156182218749e+00  5.772775565199849e+00       13
 5.856500000000000e+01 -1.185026400604467e-01 -7.630998771241476e-01  2.438253103798228e-01  2.851469487997757e+00  5.592534970311931e+00       13
 6.114875000000001e+01 -1.071102731142288e-01 -7.736357987126258e-01  2.087054864016189e-01  2.461506756006169e+00  5.410649377738038e+00       14
 6.373250000000001e+01 -9.907755927026737e-02 -7.806402384642829e-01  1.591320980314537e-01  2.057334377048177e+00  5.229235175366122e+00       14
 6.631625000000001e+01 -9.268668565059773e-02 -7.859188664268734e-01  1.024953484508187e-01  1.646217837710424e+00  5.048051338264487e+00       15
 6.890000000000001e+01 -8.995219676792549e-02 -7.860698279491388e-01  1.094256955441900e-02  1.219054380957704e+00  4.869427123045575e+00       15
 7.148375000000001e+01 -8.798749679584235e-02 -7.851412475066265e-01 -8.796117870171913e-02  7.885125217764312e-01  4.691341792184394e+00       16
 7.406750000000001e+01 -9.782496832638118e-02 -7.782454398527373e-01 -2.498301451996459e-01  3.516456477258698e-01  4.518777711537122e+00       17
 7.665125000000000e+01 -1.099378429522754e-01 -7.705021723016174e-01 -4.194677465127041e-01 -8.532601732351452e-02  4.347410401068991e+00       17
 7.923500000000000e+01 -1.351234792317449e-01 -7.580901829238432e-01 -6.308509157277165e-01 -5.221634355145387e-01  4.183006228174269e+00       18
 8.181875000000001e+01 -1.661218754036715e-01 -7.442944171103714e-01 -8.602289796578320e-01 -9.582379949019053e-01  4.021152180606970e+00       18
 8.440250000000002e+01 -2.113732953236284e-01 -7.271055989835641e-01 -1.133730947974655e+00 -1.392442006589707e+00  3.865551100223029e+00       19
 8.698625000000001e+01 -2.679343241713867e-01 -7.082141292149997e-01 -1.437011629890630e+00 -1.821666540171230e+00  3.714227359107046e+00       19
 8.957000000000001e+01 -3.386279697642192e-01 -6.871950064694899e-01 -1.777504133112260e+00 -2.244668660925241e+00  3.568248630090827e+00       20
 9.215375000000000e+01 -4.280244360965149e-01 -6.645062163860157e-01 -2.161108809758871e+00 -2.657884732911052e+00  3.428302494366299e+00       20
 9.473750000000001e+01 -5.299102747770756e-01 -6.407024556052296e-01 -2.573502939833298e+00 -3.064565875829913e+00  3.292384804665773e+00       21
 9.732125000000002e+01 -6.600043155004025e-01 -6.154698727520336e-01 -3.043855713166541e+00 -3.456174976621377e+00  3.164134979368926e+00       21
 9.990500000000002e+01 -7.992516583893088e-01 -5.897736502755185e-01 -3.533015533260530e+00 -3.842893338342151e+00  3.038373305558840e+00       22
 1.024887500000000e+02 -9.784661360746110e-01 -5.630573752887542e-01 -4.097329962160478e+00 -4.208007235958220e+00  2.921648728409101e+00       22
 1.050725000000000e+02 -1.165023025224090e+00 -5.362161277021247e-01 -4.675062458123227e+00 -4.569170875206909e+00  2.806436451418713e+00       23
 1.076562500000000e+02 -1.399078469071741e+00 -5.090266310742074e-01 -5.336731819262205e+00 -4.904918070808812e+00  2.699916842086702e+00       24
 1.102400000000000e+02 -1.646302134005180e+00 -4.818502652429058e-01 -6.020569236003824e+00 -5.233773899891927e+00  2.595144547041216e+00       24
 1.128237500000000e+02 -1.938933530170740e+00 -4.547191780927331e-01 -6.780848345528826e+00 -5.538866358306488e+00  2.496397483269084e+00       25
 1.154075000000000e+02 -2.257218380483886e+00 -4.276673915335746e-01 -7.583554161712463e+00 -5.829979265387006e+00  2.399703690559306e+00       25
 1.179912500000000e+02 -2.616708574791333e+00 -4.007429799514029e-01 -8.454407020877397e+00 -6.098637799723366e+00  2.306307923134975e+00       26
 1.205750000000000e+02 -3.017706374478351e+00 -3.734807662483965e-01 -9.398608000423705e+00 -6.334381609467551e+00  2.212190344487879e+00       26
 1.231587500000000e+02 -3.453378679839505e+00 -3.459363603676315e-01 -1.040408232477257e+01 -6.542629209921961e+00  2.117469781228433e+00       27
 1.257425000000000e+02 -3.951451377335227e+00 -3.157790582442313e-01 -1.153189731953965e+01 -6.628894968359786e+00  2.009230800958799e+00       27
 1.283262500000000e+02 -4.475013061249271e+00 -2.845544539042458e-01 -1.270968539268055e+01 -6.665334220776019e+00  1.895469888281644e+00       28
 1.309100000000000e+02 -5.089027290907675e+00 -2.406658044361684e-01 -1.417501052336790e+01 -6.536068606345038e+00  1.712610230759713e+00       28
 1.329770000000000e+02 -5.589844241628199e+00 -2.042100323438547e-01 -1.537780549508746e+01 -6.415059161761492e+00  1.558984594931760e+00       29
 1.350440000000000e+02 -6.183260496636237e+00 -1.331104631097393e-01 -1.619242678875983e+01 -5.836840089525523e+00  1.095208621266503e+00       29
 1.357330000000000e+02 -6.386801352318017e+00 -1.072648310961092e-01 -1.643992442801218e+01 -5.615781642030802e+00  9.214064659498793e-01       30
 1.364220000000000e+02 -6.590342207999797e+00 -8.141919908247899e-02 -1.668742206726454e+01 -5.394723194536081e+00  7.476043106332553e-01       30
 1.371110000000000e+02 -6.793883063681576e+00 -5.557356706884883e-02 -1.693491970651689e+01 -5.173664747041359e+00  5.738021553166313e-01       30
 1.378000000000000e+02 -6.997423919363364e+00 -2.972793505521761e-02 -1.718241734576926e+01 -4.952606299546629e+00  4.000000000000000e-01       30
